# Baseline Mean-Pooling Runs
Pooling: mean pooling (original FullModel.py)
Sequences: full CDS + full 3utr (no windowing)
Last updated: 2026-03-22 09:33 UTC

=======================================================
Run: run_A_baseline
Config: lr=1e-4, r=32, alpha=32,  batch=16, dropout=0.5, epochs=20

epoch | eval_loss | eval_f1 | eval_auroc
------|-----------|---------|----------
  1.0 |    0.6995 |  0.2730 |     0.5466
  2.0 |    0.6827 |  0.5401 |     0.5762
  3.0 |    0.6859 |  0.5377 |     0.5783
  4.0 |    0.6815 |  0.5452 |     0.5747
  5.0 |    0.7078 |  0.3497 |     0.5689
  6.0 |    0.6918 |  0.5221 |     0.5726
  7.0 |    0.6839 |  0.5338 |     0.5689
  8.0 |    0.6826 |  0.5370 |     0.5772
  9.0 |    0.6825 |  0.5298 |     0.5745
 10.0 |    0.6846 |  0.5266 |     0.5742
 11.0 |    0.6806 |  0.5438 |     0.5739
 12.0 |    0.6869 |  0.5316 |     0.5689
 13.0 |    0.6865 |  0.5309 |     0.5657
 14.0 |    0.6858 |  0.5463 |     0.5664
 15.0 |    0.6877 |  0.5333 |     0.5632
 16.0 |    0.6922 |  0.5336 |     0.5617
 17.0 |    0.6909 |  0.5369 |     0.5621
 18.0 |    0.6915 |  0.5292 |     0.5612
 19.0 |    0.6917 |  0.5327 |     0.5616
 20.0 |    0.6918 |  0.5353 |     0.5618
 20.0 |    0.6806 |  0.5438 |     0.5739

Best eval AUROC: 0.5783 at epoch 3.0

Test  AUROC: 0.5640  F1: 0.5348  Loss: 0.6953

=======================================================
Run: run_B_alpha64_dropout01
Config: lr=1e-4, r=32, alpha=64,  batch=16, dropout=0.1, epochs=20

epoch | eval_loss | eval_f1 | eval_auroc
------|-----------|---------|----------
  1.0 |    0.7018 |  0.3848 |     0.5697
  2.0 |    0.7008 |  0.2444 |     0.5682
  3.0 |    0.6839 |  0.5502 |     0.5670
  4.0 |    0.6856 |  0.5318 |     0.5676
  5.0 |    0.7326 |  0.2317 |     0.5628
  6.0 |    0.6877 |  0.5268 |     0.5750
  7.0 |    0.6830 |  0.5306 |     0.5646
  8.0 |    0.6809 |  0.5532 |     0.5757
  9.0 |    0.6822 |  0.5303 |     0.5691
 10.0 |    0.6827 |  0.5362 |     0.5694
 11.0 |    0.6814 |  0.5364 |     0.5680
 12.0 |    0.6889 |  0.5289 |     0.5684
 13.0 |    0.6866 |  0.5323 |     0.5692
 14.0 |    0.6836 |  0.5475 |     0.5713
 15.0 |    0.6866 |  0.5335 |     0.5655
 16.0 |    0.6908 |  0.5327 |     0.5660
 17.0 |    0.6881 |  0.5249 |     0.5651
 18.0 |    0.6879 |  0.5362 |     0.5675
 19.0 |    0.6890 |  0.5323 |     0.5676
 20.0 |    0.6892 |  0.5323 |     0.5675
 20.0 |    0.6809 |  0.5532 |     0.5757

Best eval AUROC: 0.5757 at epoch 8.0

Test  AUROC: 0.5701  F1: 0.5505  Loss: 0.6899

=======================================================
Run: run_C_r64_lr5e5_dropout01
Config: lr=5e-5, r=64, alpha=64,  batch=16, dropout=0.1, epochs=20

epoch | eval_loss | eval_f1 | eval_auroc
------|-----------|---------|----------
  1.0 |    0.6896 |  0.5234 |     0.5720
  2.0 |    0.7428 |  0.4162 |     0.5639
  3.0 |    0.6853 |  0.5507 |     0.5720
  4.0 |    0.6820 |  0.5219 |     0.5742
  5.0 |    0.7074 |  0.4431 |     0.5707
  6.0 |    0.7031 |  0.4346 |     0.5694
  7.0 |    0.6837 |  0.5360 |     0.5652
  8.0 |    0.6806 |  0.5540 |     0.5759
  9.0 |    0.6823 |  0.5181 |     0.5685
 10.0 |    0.6847 |  0.5525 |     0.5710
 11.0 |    0.6836 |  0.5641 |     0.5664
 12.0 |    0.6886 |  0.5284 |     0.5665
 13.0 |    0.6885 |  0.5454 |     0.5669
 14.0 |    0.6858 |  0.5542 |     0.5695
 15.0 |    0.6875 |  0.5476 |     0.5681
 16.0 |    0.6954 |  0.5443 |     0.5644
 17.0 |    0.6901 |  0.5484 |     0.5654
 18.0 |    0.6920 |  0.5507 |     0.5650
 19.0 |    0.6924 |  0.5567 |     0.5654
 20.0 |    0.6927 |  0.5591 |     0.5651
 20.0 |    0.6806 |  0.5540 |     0.5759

Best eval AUROC: 0.5759 at epoch 8.0

Test  AUROC: 0.5602  F1: 0.5332  Loss: 0.6947

=======================================================
Run: run_fixed
Config: lr=1e-4, r=8,  alpha=16,  batch=16, dropout=0.1, wd=0.01, epochs=15

epoch | eval_loss | eval_f1 | eval_auroc
------|-----------|---------|----------
  1.0 |    0.7326 |  0.4208 |     0.5450
  2.0 |    0.6785 |  0.5463 |     0.5739
  3.0 |    0.6898 |  0.5376 |     0.5711
  4.0 |    0.6948 |  0.5004 |     0.5673
  5.0 |    0.7161 |  0.4640 |     0.5841
  6.0 |    0.6813 |  0.5293 |     0.5838
  7.0 |    0.6822 |  0.5505 |     0.5775
  8.0 |    0.6758 |  0.5448 |     0.5815
  9.0 |    0.6797 |  0.5404 |     0.5747
 10.0 |    0.6905 |  0.5266 |     0.5772
 11.0 |    0.6806 |  0.5420 |     0.5806
 12.0 |    0.6829 |  0.5260 |     0.5799
 13.0 |    0.6821 |  0.5413 |     0.5808
 14.0 |    0.6817 |  0.5525 |     0.5807
 15.0 |    0.6816 |  0.5500 |     0.5807
 15.0 |    0.7161 |  0.4640 |     0.5841

Best eval AUROC: 0.5841 at epoch 5.0

Test  AUROC: 0.5657  F1: 0.4885  Loss: 0.6999
